
This script evaluates the performance of the custom heuristic function by
comparing the strength of an agent using iterative deepening (ID) search with
alpha-beta pruning against the strength rating of agents using other heuristic
functions.  The `ID_Improved` agent provides a baseline by measuring the
performance of a basic agent using Iterative Deepening and the "improved"
heuristic (from lecture) on your hardware.  The `Student` agent then measures
the performance of Iterative Deepening and the custom heuristic against the
same opponents.


*************************
 Evaluating: ID_Improved 
*************************

Playing Matches:
----------
  Match 1: ID_Improved vs   random    
First_player_won: True. Game: [[[6, 0], [1, 1]], [[4, 1], [3, 0]], [[2, 0], [2, 2]], [[1, 2], [1, 4]], [[0, 4], [3, 5]], [[2, 3], [1, 6]], [[4, 4], [2, 4]], [[2, 5], [0, 3]], [[1, 3], [1, 5]], [[3, 4], [3, 6]], [[5, 5], [-1, -1]]]

First_player_won: True. Game: [[[6, 0], [1, 1]], [[5, 2], [0, 3]], [[6, 4], [1, 5]], [[5, 6], [2, 3]], [[3, 5], [0, 2]], [[1, 6], [1, 4]], [[0, 4], [2, 2]], [[2, 5], [0, 1]], [[4, 6], [1, 3]], [[6, 5], [2, 1]], [[4, 4], [0, 0]], [[3, 6], [1, 2]], [[2, 4], [3, 1]], [[4, 5], [4, 3]], [[6, 6], [5, 5]], [[5, 4], [3, 4]], [[3, 3], [5, 3]], [[4, 1], [6, 1]], [[2, 0], [4, 2]], [[3, 2], [5, 0]], [[5, 1], [6, 2]], [[6, 3], [-1, -1]]]

First_player_won: False. Game: [[[3, 6], [6, 6]], [[2, 4], [5, 4]], [[1, 2], [3, 3]], [[0, 4], [2, 1]], [[2, 3], [1, 3]], [[3, 5], [0, 1]], [[5, 6], [2, 0]], [[4, 4], [3, 2]], [[2, 5], [5, 3]], [[4, 6], [3, 4]], [[6, 5], [1, 5]], [[-1, -1]]]

First_player_won: True. Game: [[[3, 6], [6, 6]], [[1, 5], [4, 5]], [[0, 3], [6, 4]], [[1, 1], [5, 6]], [[2, 3], [4, 4]], [[0, 2], [5, 2]], [[1, 0], [4, 0]], [[2, 2], [6, 1]], [[0, 1], [4, 2]], [[1, 3], [5, 4]], [[3, 2], [4, 6]], [[5, 3], [6, 5]], [[3, 4], [-1, -1]]]
	Result: 3 to 1
  Match 2: ID_Improved vs   greedy    
First_player_won: True. Game: [[[1, 3], [2, 5]], [[0, 1], [4, 4]], [[2, 0], [2, 3]], [[4, 1], [4, 2]], [[2, 2], [5, 4]], [[0, 3], [3, 3]], [[2, 4], [5, 2]], [[0, 5], [3, 1]], [[2, 6], [4, 3]], [[4, 5], [5, 5]], [[5, 3], [3, 4]], [[3, 2], [4, 6]], [[1, 1], [6, 5]], [[3, 0], [-1, -1]]]

First_player_won: False. Game: [[[1, 3], [2, 5]], [[3, 4], [0, 4]], [[4, 2], [1, 2]], [[2, 3], [2, 4]], [[4, 4], [0, 3]], [[5, 2], [1, 1]], [[3, 3], [3, 0]], [[4, 1], [2, 2]], [[5, 3], [1, 4]], [[4, 5], [3, 5]], [[6, 4], [4, 3]], [[5, 6], [3, 1]], [[-1, -1]]]

First_player_won: False. Game: [[[1, 3], [5, 4]], [[3, 4], [3, 5]], [[2, 2], [1, 6]], [[4, 3], [0, 4]], [[2, 4], [2, 5]], [[3, 2], [0, 6]], [[4, 4], [1, 4]], [[5, 2], [0, 2]], [[3, 3], [2, 1]], [[4, 5], [4, 0]], [[5, 3], [6, 1]], [[4, 1], [4, 2]], [[2, 0], [2, 3]], [[1, 2], [1, 1]], [[3, 1], [0, 3]], [[5, 0], [1, 5]], [[6, 2], [3, 6]], [[-1, -1]]]

First_player_won: True. Game: [[[1, 3], [5, 4]], [[0, 1], [4, 2]], [[2, 2], [2, 3]], [[0, 3], [4, 4]], [[2, 4], [5, 2]], [[4, 5], [3, 3]], [[6, 4], [4, 1]], [[4, 3], [5, 3]], [[3, 1], [3, 4]], [[1, 0], [5, 5]], [[0, 2], [6, 3]], [[2, 1], [5, 1]], [[0, 0], [3, 2]], [[1, 2], [4, 0]], [[0, 4], [6, 1]], [[1, 6], [-1, -1]]]
	Result: 4 to 0
  Match 3: ID_Improved vs   MM_Null   
First_player_won: True. Game: [[[6, 5], [6, 1]], [[4, 4], [4, 0]], [[2, 3], [2, 1]], [[1, 1], [0, 0]], [[0, 3], [1, 2]], [[1, 5], [0, 4]], [[3, 6], [1, 6]], [[2, 4], [3, 5]], [[4, 3], [1, 4]], [[2, 2], [0, 6]], [[3, 4], [2, 5]], [[4, 2], [1, 3]], [[5, 4], [0, 1]], [[3, 3], [2, 0]], [[4, 1], [3, 2]], [[5, 3], [5, 1]], [[4, 5], [6, 3]], [[2, 6], [5, 5]], [[0, 5], [-1, -1]]]

First_player_won: True. Game: [[[6, 5], [6, 1]], [[4, 4], [5, 3]], [[2, 3], [4, 1]], [[0, 2], [2, 2]], [[1, 0], [0, 3]], [[3, 1], [1, 1]], [[1, 2], [3, 0]], [[0, 0], [4, 2]], [[2, 1], [3, 4]], [[1, 3], [2, 6]], [[0, 1], [4, 5]], [[2, 0], [2, 4]], [[3, 2], [1, 6]], [[4, 0], [3, 5]], [[5, 2], [4, 3]], [[3, 3], [5, 1]], [[1, 4], [6, 3]], [[0, 6], [5, 5]], [[2, 5], [3, 6]], [[4, 6], [1, 5]], [[5, 4], [-1, -1]]]

First_player_won: False. Game: [[[2, 1], [3, 2]], [[0, 0], [1, 1]], [[1, 2], [0, 3]], [[0, 4], [1, 5]], [[1, 6], [2, 3]], [[2, 4], [4, 2]], [[0, 5], [3, 0]], [[1, 3], [2, 2]], [[0, 1], [4, 1]], [[2, 0], [3, 3]], [[-1, -1]]]

First_player_won: True. Game: [[[2, 1], [3, 2]], [[0, 2], [1, 1]], [[1, 0], [0, 3]], [[2, 2], [1, 5]], [[1, 4], [2, 3]], [[0, 6], [0, 4]], [[2, 5], [1, 2]], [[1, 3], [2, 0]], [[0, 5], [4, 1]], [[2, 6], [3, 3]], [[4, 5], [5, 2]], [[2, 4], [3, 1]], [[3, 6], [4, 3]], [[4, 4], [3, 5]], [[6, 3], [5, 4]], [[4, 2], [4, 6]], [[3, 4], [6, 5]], [[5, 3], [-1, -1]]]
	Result: 3 to 1
  Match 4: ID_Improved vs   MM_Open   
First_player_won: True. Game: [[[4, 1], [3, 1]], [[2, 0], [2, 3]], [[0, 1], [1, 5]], [[1, 3], [0, 3]], [[0, 5], [2, 4]], [[2, 6], [3, 2]], [[1, 4], [5, 1]], [[0, 2], [3, 0]], [[2, 1], [2, 2]], [[4, 2], [3, 4]], [[5, 4], [4, 6]], [[3, 3], [2, 5]], [[4, 5], [4, 4]], [[6, 4], [3, 6]], [[4, 3], [5, 5]], [[3, 5], [6, 3]], [[1, 6], [-1, -1]]]

First_player_won: False. Game: [[[4, 1], [3, 1]], [[2, 0], [1, 0]], [[1, 2], [0, 2]], [[2, 4], [2, 3]], [[0, 3], [0, 4]], [[1, 5], [1, 6]], [[3, 4], [3, 5]], [[1, 3], [1, 4]], [[2, 5], [2, 2]], [[3, 3], [3, 0]], [[5, 2], [4, 2]], [[4, 0], [6, 3]], [[3, 2], [4, 4]], [[5, 1], [5, 6]], [[4, 3], [6, 4]], [[6, 2], [4, 5]], [[5, 4], [5, 3]], [[4, 6], [6, 5]], [[-1, -1]]]

First_player_won: False. Game: [[[6, 6], [0, 4]], [[5, 4], [1, 2]], [[4, 2], [2, 0]], [[2, 3], [0, 1]], [[3, 1], [1, 3]], [[4, 3], [2, 5]], [[2, 2], [4, 4]], [[0, 3], [3, 2]], [[1, 5], [2, 4]], [[3, 4], [4, 5]], [[2, 6], [3, 3]], [[1, 4], [2, 1]], [[3, 5], [4, 0]], [[5, 6], [5, 2]], [[6, 4], [6, 0]], [[-1, -1]]]

First_player_won: True. Game: [[[6, 6], [0, 4]], [[4, 5], [2, 3]], [[2, 4], [1, 5]], [[0, 3], [3, 4]], [[1, 1], [2, 2]], [[3, 0], [1, 4]], [[4, 2], [3, 3]], [[6, 3], [1, 2]], [[4, 4], [3, 1]], [[3, 2], [4, 3]], [[5, 3], [3, 5]], [[4, 1], [5, 4]], [[2, 0], [4, 6]], [[0, 1], [2, 5]], [[1, 3], [0, 6]], [[0, 5], [-1, -1]]]
	Result: 4 to 0
  Match 5: ID_Improved vs MM_Improved 
First_player_won: True. Game: [[[1, 0], [6, 3]], [[3, 1], [4, 2]], [[1, 2], [2, 1]], [[2, 0], [1, 3]], [[0, 1], [0, 5]], [[2, 2], [2, 4]], [[0, 3], [3, 2]], [[1, 1], [4, 4]], [[2, 3], [2, 5]], [[0, 2], [3, 3]], [[1, 4], [4, 1]], [[2, 6], [6, 2]], [[3, 4], [4, 3]], [[5, 3], [6, 4]], [[4, 5], [5, 6]], [[6, 6], [3, 5]], [[5, 4], [1, 6]], [[4, 6], [0, 4]], [[6, 5], [-1, -1]]]

First_player_won: False. Game: [[[1, 0], [6, 3]], [[0, 2], [4, 4]], [[1, 4], [3, 6]], [[2, 2], [1, 5]], [[3, 4], [2, 3]], [[1, 3], [3, 1]], [[0, 5], [1, 2]], [[2, 4], [0, 4]], [[4, 5], [1, 6]], [[3, 3], [3, 5]], [[2, 1], [4, 3]], [[4, 0], [5, 1]], [[3, 2], [3, 0]], [[2, 0], [4, 2]], [[4, 1], [5, 4]], [[5, 3], [4, 6]], [[6, 1], [2, 5]], [[-1, -1]]]

First_player_won: False. Game: [[[5, 1], [5, 5]], [[3, 0], [3, 6]], [[1, 1], [1, 5]], [[0, 3], [2, 3]], [[2, 2], [0, 2]], [[1, 4], [1, 0]], [[0, 6], [3, 1]], [[2, 5], [1, 2]], [[1, 3], [3, 3]], [[2, 1], [4, 1]], [[4, 0], [5, 3]], [[3, 2], [4, 5]], [[2, 4], [2, 6]], [[1, 6], [3, 4]], [[3, 5], [4, 6]], [[5, 4], [6, 5]], [[4, 2], [4, 4]], [[5, 0], [5, 2]], [[6, 2], [6, 4]], [[4, 3], [5, 6]], [[-1, -1]]]

First_player_won: True. Game: [[[5, 1], [5, 5]], [[3, 0], [3, 4]], [[1, 1], [4, 2]], [[0, 3], [2, 1]], [[1, 5], [0, 2]], [[2, 3], [1, 4]], [[0, 4], [3, 3]], [[1, 2], [2, 5]], [[2, 0], [4, 4]], [[3, 2], [5, 2]], [[2, 4], [6, 4]], [[4, 3], [4, 5]], [[6, 2], [5, 3]], [[4, 1], [6, 5]], [[2, 2], [4, 6]], [[0, 1], [5, 4]], [[1, 3], [3, 5]], [[0, 5], [1, 6]], [[2, 6], [-1, -1]]]
	Result: 4 to 0
  Match 6: ID_Improved vs   AB_Null   
First_player_won: True. Game: [[[6, 5], [0, 1]], [[4, 4], [1, 3]], [[2, 3], [0, 5]], [[3, 1], [2, 4]], [[1, 0], [0, 3]], [[2, 2], [1, 1]], [[3, 0], [3, 2]], [[4, 2], [2, 0]], [[2, 1], [1, 2]], [[3, 3], [0, 4]], [[4, 1], [1, 6]], [[5, 3], [3, 5]], [[3, 4], [1, 4]], [[1, 5], [0, 6]], [[3, 6], [2, 5]], [[5, 5], [4, 6]], [[4, 3], [5, 4]], [[6, 4], [6, 2]], [[4, 5], [5, 0]], [[2, 6], [-1, -1]]]

First_player_won: True. Game: [[[6, 5], [0, 1]], [[4, 4], [1, 3]], [[2, 3], [0, 5]], [[0, 2], [2, 4]], [[1, 0], [1, 2]], [[2, 2], [0, 0]], [[0, 3], [2, 1]], [[1, 1], [3, 3]], [[3, 0], [1, 4]], [[4, 2], [3, 5]], [[3, 4], [4, 3]], [[2, 6], [3, 1]], [[4, 5], [5, 0]], [[5, 3], [6, 2]], [[3, 2], [5, 4]], [[2, 0], [4, 6]], [[4, 1], [2, 5]], [[6, 0], [0, 4]], [[5, 2], [1, 6]], [[4, 0], [-1, -1]]]

First_player_won: False. Game: [[[2, 4], [3, 6]], [[0, 3], [1, 5]], [[1, 1], [3, 4]], [[2, 3], [2, 2]], [[0, 2], [0, 1]], [[1, 0], [1, 3]], [[3, 1], [2, 1]], [[1, 2], [3, 3]], [[0, 4], [1, 4]], [[2, 5], [3, 5]], [[4, 4], [5, 4]], [[3, 2], [4, 2]], [[2, 0], [3, 0]], [[4, 1], [5, 1]], [[5, 3], [4, 3]], [[4, 5], [6, 4]], [[2, 6], [5, 2]], [[0, 5], [4, 0]], [[-1, -1]]]

First_player_won: True. Game: [[[2, 4], [3, 6]], [[0, 3], [1, 5]], [[2, 2], [2, 3]], [[0, 1], [0, 2]], [[1, 3], [1, 0]], [[2, 1], [3, 1]], [[3, 3], [1, 2]], [[2, 5], [0, 4]], [[4, 4], [1, 6]], [[6, 3], [3, 5]], [[4, 2], [1, 4]], [[3, 4], [2, 6]], [[5, 3], [4, 5]], [[3, 2], [6, 4]], [[2, 0], [4, 3]], [[4, 1], [5, 1]], [[6, 0], [3, 0]], [[5, 2], [1, 1]], [[4, 0], [-1, -1]]]
	Result: 3 to 1
  Match 7: ID_Improved vs   AB_Open   
First_player_won: True. Game: [[[0, 1], [1, 6]], [[1, 3], [0, 4]], [[0, 5], [1, 2]], [[2, 4], [0, 0]], [[0, 3], [2, 1]], [[1, 1], [0, 2]], [[2, 3], [1, 0]], [[3, 1], [2, 2]], [[5, 0], [1, 4]], [[4, 2], [3, 3]], [[3, 0], [2, 5]], [[5, 1], [4, 6]], [[4, 3], [3, 4]], [[6, 2], [1, 5]], [[4, 1], [3, 6]], [[2, 0], [4, 4]], [[3, 2], [5, 6]], [[5, 3], [6, 4]], [[4, 5], [5, 2]], [[6, 6], [4, 0]], [[5, 4], [6, 1]], [[3, 5], [-1, -1]]]

First_player_won: False. Game: [[[0, 1], [1, 6]], [[1, 3], [0, 4]], [[0, 5], [1, 2]], [[2, 4], [0, 0]], [[0, 3], [2, 1]], [[1, 1], [4, 0]], [[3, 0], [3, 2]], [[2, 2], [5, 1]], [[1, 0], [4, 3]], [[0, 2], [3, 1]], [[2, 3], [5, 0]], [[3, 5], [4, 2]], [[1, 4], [3, 4]], [[0, 6], [2, 6]], [[2, 5], [4, 5]], [[3, 3], [5, 3]], [[4, 1], [6, 5]], [[6, 0], [4, 4]], [[5, 2], [3, 6]], [[6, 4], [5, 5]], [[5, 6], [6, 3]], [[-1, -1]]]

First_player_won: False. Game: [[[4, 0], [4, 6]], [[2, 1], [3, 4]], [[0, 0], [1, 3]], [[1, 2], [2, 5]], [[2, 0], [3, 3]], [[0, 1], [4, 1]], [[2, 2], [6, 0]], [[0, 3], [5, 2]], [[1, 1], [3, 1]], [[3, 0], [4, 3]], [[4, 2], [3, 5]], [[5, 4], [1, 6]], [[6, 6], [2, 4]], [[4, 5], [3, 2]], [[2, 6], [4, 4]], [[1, 4], [2, 3]], [[0, 2], [1, 5]], [[1, 0], [3, 6]], [[-1, -1]]]

First_player_won: True. Game: [[[4, 0], [4, 6]], [[2, 1], [3, 4]], [[0, 0], [1, 3]], [[1, 2], [0, 1]], [[2, 0], [2, 2]], [[3, 2], [0, 3]], [[1, 1], [2, 4]], [[2, 3], [0, 5]], [[0, 2], [2, 6]], [[1, 4], [4, 5]], [[3, 3], [5, 3]], [[4, 1], [6, 1]], [[6, 0], [4, 2]], [[5, 2], [3, 0]], [[3, 1], [5, 1]], [[4, 3], [6, 3]], [[6, 4], [4, 4]], [[5, 6], [2, 5]], [[3, 5], [0, 4]], [[1, 6], [-1, -1]]]
	Result: 4 to 0
  Match 8: ID_Improved vs AB_Improved 
First_player_won: True. Game: [[[6, 1], [1, 1]], [[4, 0], [0, 3]], [[5, 2], [2, 2]], [[3, 1], [0, 1]], [[1, 0], [1, 3]], [[0, 2], [0, 5]], [[1, 4], [2, 4]], [[2, 6], [1, 2]], [[3, 4], [3, 3]], [[1, 5], [2, 5]], [[2, 3], [4, 6]], [[3, 5], [5, 4]], [[4, 3], [4, 2]], [[5, 1], [5, 0]], [[3, 2], [6, 2]], [[5, 3], [4, 1]], [[4, 5], [2, 0]], [[6, 4], [-1, -1]]]

First_player_won: False. Game: [[[6, 1], [1, 1]], [[4, 0], [0, 3]], [[2, 1], [1, 5]], [[1, 3], [2, 3]], [[0, 1], [0, 4]], [[2, 0], [1, 2]], [[4, 1], [2, 4]], [[6, 0], [4, 3]], [[5, 2], [3, 5]], [[3, 1], [1, 4]], [[5, 0], [0, 6]], [[4, 2], [2, 5]], [[5, 4], [4, 4]], [[3, 3], [3, 2]], [[4, 5], [5, 3]], [[2, 6], [3, 4]], [[0, 5], [2, 2]], [[-1, -1]]]

First_player_won: True. Game: [[[5, 0], [4, 1]], [[3, 1], [2, 0]], [[1, 0], [3, 2]], [[2, 2], [1, 1]], [[0, 1], [0, 3]], [[1, 3], [1, 5]], [[0, 5], [3, 4]], [[2, 4], [4, 2]], [[1, 2], [2, 3]], [[0, 0], [3, 5]], [[2, 1], [5, 6]], [[0, 2], [6, 4]], [[1, 4], [4, 5]], [[3, 3], [5, 3]], [[2, 5], [6, 5]], [[4, 4], [4, 6]], [[3, 6], [5, 4]], [[5, 5], [6, 2]], [[4, 3], [-1, -1]]]

First_player_won: True. Game: [[[5, 0], [4, 1]], [[3, 1], [2, 0]], [[1, 0], [0, 1]], [[0, 2], [1, 3]], [[1, 4], [0, 5]], [[0, 6], [2, 6]], [[2, 5], [3, 4]], [[4, 4], [1, 5]], [[2, 3], [0, 3]], [[0, 4], [2, 4]], [[1, 2], [1, 6]], [[3, 3], [3, 5]], [[4, 5], [4, 3]], [[6, 4], [2, 2]], [[5, 2], [3, 0]], [[4, 0], [4, 2]], [[3, 2], [6, 3]], [[5, 3], [5, 1]], [[6, 1], [-1, -1]]]
	Result: 3 to 1


Results:
----------
ID_Improved         87.50%

*************************
  Evaluating: other_guy  
*************************

Playing Matches:
----------
  Match 1:  other_guy  vs   random    
First_player_won: True. Game: [[[6, 2], [2, 3]], [[4, 1], [0, 2]], [[5, 3], [1, 0]], [[4, 5], [3, 1]], [[2, 4], [5, 0]], [[3, 6], [4, 2]], [[5, 5], [2, 1]], [[6, 3], [1, 3]], [[4, 4], [0, 5]], [[2, 5], [2, 6]], [[0, 4], [1, 4]], [[1, 2], [0, 6]], [[0, 0], [-1, -1]]]

First_player_won: False. Game: [[[6, 2], [2, 3]], [[5, 0], [1, 5]], [[4, 2], [0, 3]], [[5, 4], [1, 1]], [[3, 3], [3, 0]], [[2, 5], [5, 1]], [[4, 6], [3, 2]], [[6, 5], [2, 4]], [[4, 4], [3, 6]], [[6, 3], [5, 5]], [[-1, -1]]]

First_player_won: False. Game: [[[4, 1], [6, 5]], [[3, 3], [4, 4]], [[1, 4], [3, 6]], [[3, 5], [1, 5]], [[5, 6], [0, 3]], [[6, 4], [1, 1]], [[4, 3], [3, 0]], [[2, 4], [2, 2]], [[1, 2], [0, 1]], [[2, 0], [1, 3]], [[3, 2], [2, 1]], [[5, 3], [4, 2]], [[3, 4], [5, 0]], [[2, 6], [3, 1]], [[0, 5], [1, 0]], [[-1, -1]]]

First_player_won: True. Game: [[[4, 1], [6, 5]], [[2, 0], [5, 3]], [[0, 1], [3, 4]], [[1, 3], [5, 5]], [[2, 1], [6, 3]], [[0, 0], [4, 2]], [[1, 2], [5, 4]], [[0, 4], [4, 6]], [[2, 5], [-1, -1]]]
	Result: 4 to 0
  Match 2:  other_guy  vs   greedy    
First_player_won: True. Game: [[[0, 6], [3, 3]], [[1, 4], [5, 4]], [[3, 5], [4, 2]], [[2, 3], [3, 4]], [[1, 1], [2, 2]], [[0, 3], [4, 3]], [[2, 4], [3, 1]], [[0, 5], [5, 2]], [[1, 3], [4, 4]], [[0, 1], [3, 2]], [[2, 0], [5, 3]], [[1, 2], [4, 5]], [[0, 0], [6, 4]], [[2, 1], [5, 6]], [[0, 2], [-1, -1]]]

First_player_won: False. Game: [[[0, 6], [3, 3]], [[2, 5], [1, 2]], [[4, 4], [2, 0]], [[2, 3], [0, 1]], [[4, 2], [2, 2]], [[3, 4], [0, 3]], [[5, 3], [2, 4]], [[3, 2], [4, 3]], [[4, 0], [6, 2]], [[5, 2], [5, 4]], [[6, 4], [3, 5]], [[4, 5], [1, 4]], [[2, 6], [0, 2]], [[0, 5], [2, 1]], [[1, 3], [0, 0]], [[-1, -1]]]

First_player_won: False. Game: [[[4, 4], [6, 4]], [[3, 2], [4, 3]], [[2, 4], [3, 5]], [[1, 2], [2, 3]], [[3, 3], [1, 5]], [[4, 1], [3, 4]], [[2, 2], [1, 3]], [[3, 0], [0, 5]], [[4, 2], [2, 6]], [[5, 4], [1, 4]], [[4, 6], [0, 2]], [[2, 5], [1, 0]], [[0, 4], [3, 1]], [[1, 6], [5, 0]], [[-1, -1]]]

First_player_won: True. Game: [[[4, 4], [6, 4]], [[2, 3], [4, 3]], [[4, 2], [2, 4]], [[2, 1], [3, 2]], [[3, 3], [5, 3]], [[2, 5], [3, 4]], [[0, 4], [2, 2]], [[1, 2], [1, 4]], [[3, 1], [3, 5]], [[5, 0], [5, 4]], [[6, 2], [6, 6]], [[4, 1], [4, 5]], [[2, 0], [2, 6]], [[0, 1], [0, 5]], [[1, 3], [-1, -1]]]
	Result: 4 to 0
  Match 3:  other_guy  vs   MM_Null   
First_player_won: True. Game: [[[6, 4], [6, 3]], [[4, 3], [4, 2]], [[3, 1], [2, 1]], [[5, 2], [0, 0]], [[4, 4], [1, 2]], [[3, 2], [0, 4]], [[1, 3], [1, 6]], [[0, 1], [2, 4]], [[2, 2], [0, 3]], [[3, 4], [1, 1]], [[4, 6], [2, 3]], [[5, 4], [0, 2]], [[3, 3], [1, 4]], [[4, 1], [0, 6]], [[5, 3], [2, 5]], [[4, 5], [-1, -1]]]

First_player_won: False. Game: [[[6, 4], [6, 3]], [[4, 3], [4, 2]], [[2, 2], [2, 1]], [[0, 1], [0, 0]], [[1, 3], [1, 2]], [[0, 5], [2, 0]], [[2, 4], [3, 2]], [[0, 3], [4, 0]], [[1, 1], [5, 2]], [[2, 3], [6, 0]], [[0, 2], [4, 1]], [[1, 0], [3, 3]], [[3, 1], [1, 4]], [[5, 0], [0, 6]], [[6, 2], [2, 5]], [[5, 4], [4, 6]], [[3, 5], [3, 4]], [[1, 6], [1, 5]], [[0, 4], [3, 6]], [[-1, -1]]]

First_player_won: False. Game: [[[1, 6], [0, 1]], [[0, 4], [1, 3]], [[1, 2], [0, 5]], [[0, 0], [2, 6]], [[2, 1], [1, 4]], [[0, 2], [2, 2]], [[1, 0], [0, 3]], [[3, 1], [1, 1]], [[2, 3], [3, 0]], [[1, 5], [4, 2]], [[3, 4], [6, 3]], [[4, 6], [5, 1]], [[2, 5], [4, 3]], [[3, 3], [2, 4]], [[4, 1], [3, 2]], [[5, 3], [4, 4]], [[4, 5], [5, 6]], [[6, 4], [3, 5]], [[5, 2], [5, 4]], [[4, 0], [6, 2]], [[6, 1], [5, 0]], [[-1, -1]]]

First_player_won: True. Game: [[[1, 6], [0, 1]], [[0, 4], [1, 3]], [[1, 2], [0, 5]], [[3, 1], [2, 4]], [[2, 3], [0, 3]], [[0, 2], [1, 1]], [[1, 0], [3, 0]], [[2, 2], [4, 2]], [[1, 4], [2, 1]], [[0, 6], [3, 3]], [[2, 5], [4, 1]], [[4, 4], [5, 3]], [[3, 2], [3, 4]], [[5, 1], [1, 5]], [[4, 3], [3, 6]], [[3, 5], [5, 5]], [[5, 4], [6, 3]], [[4, 6], [-1, -1]]]
	Result: 4 to 0
  Match 4:  other_guy  vs   MM_Open   
First_player_won: True. Game: [[[3, 2], [6, 1]], [[1, 1], [4, 2]], [[0, 3], [2, 1]], [[1, 5], [0, 0]], [[2, 3], [1, 2]], [[0, 2], [2, 4]], [[1, 0], [3, 6]], [[2, 2], [4, 4]], [[3, 4], [2, 5]], [[2, 6], [3, 3]], [[4, 5], [1, 4]], [[6, 4], [3, 5]], [[4, 3], [5, 4]], [[6, 2], [4, 6]], [[4, 1], [6, 5]], [[2, 0], [5, 3]], [[0, 1], [-1, -1]]]

First_player_won: False. Game: [[[3, 2], [6, 1]], [[2, 4], [5, 3]], [[0, 3], [3, 4]], [[1, 1], [1, 3]], [[2, 3], [0, 1]], [[3, 1], [2, 0]], [[1, 2], [4, 1]], [[3, 3], [2, 2]], [[2, 5], [4, 3]], [[4, 4], [3, 5]], [[6, 3], [1, 4]], [[4, 2], [2, 6]], [[2, 1], [4, 5]], [[4, 0], [6, 6]], [[5, 2], [5, 4]], [[6, 4], [4, 6]], [[5, 6], [6, 5]], [[-1, -1]]]

First_player_won: True. Game: [[[5, 3], [6, 2]], [[3, 2], [5, 0]], [[1, 1], [3, 1]], [[0, 3], [1, 2]], [[1, 5], [0, 0]], [[2, 3], [2, 1]], [[3, 5], [1, 3]], [[1, 4], [0, 5]], [[0, 6], [2, 6]], [[2, 5], [3, 4]], [[3, 3], [2, 2]], [[5, 2], [3, 0]], [[4, 4], [5, 1]], [[3, 6], [4, 3]], [[2, 4], [5, 5]], [[4, 5], [6, 3]], [[6, 6], [4, 2]], [[5, 4], [6, 1]], [[4, 6], [4, 0]], [[6, 5], [-1, -1]]]

First_player_won: True. Game: [[[5, 3], [6, 2]], [[3, 2], [4, 1]], [[1, 1], [2, 2]], [[0, 3], [3, 0]], [[1, 5], [4, 2]], [[2, 3], [2, 1]], [[0, 4], [3, 3]], [[1, 2], [2, 5]], [[2, 4], [4, 4]], [[3, 6], [5, 6]], [[5, 5], [3, 5]], [[3, 4], [4, 3]], [[1, 3], [3, 1]], [[0, 5], [1, 0]], [[2, 6], [0, 2]], [[1, 4], [-1, -1]]]
	Result: 3 to 1
  Match 5:  other_guy  vs MM_Improved 
First_player_won: True. Game: [[[3, 2], [3, 5]], [[1, 1], [2, 3]], [[0, 3], [1, 5]], [[2, 2], [3, 4]], [[1, 0], [1, 3]], [[3, 1], [2, 1]], [[1, 2], [3, 3]], [[2, 4], [2, 5]], [[4, 5], [4, 4]], [[6, 6], [6, 3]], [[5, 4], [5, 1]], [[6, 2], [3, 0]], [[4, 1], [4, 2]], [[6, 0], [6, 1]], [[5, 2], [5, 3]], [[6, 4], [6, 5]], [[4, 3], [4, 6]], [[5, 5], [-1, -1]]]

First_player_won: False. Game: [[[3, 2], [3, 5]], [[1, 3], [1, 4]], [[2, 1], [0, 2]], [[4, 2], [1, 0]], [[2, 3], [2, 2]], [[3, 1], [0, 3]], [[1, 2], [2, 4]], [[3, 3], [4, 3]], [[2, 5], [6, 2]], [[4, 6], [4, 1]], [[6, 5], [5, 3]], [[4, 4], [3, 4]], [[5, 2], [1, 5]], [[6, 4], [3, 6]], [[4, 5], [5, 5]], [[2, 6], [6, 3]], [[0, 5], [5, 1]], [[-1, -1]]]

First_player_won: False. Game: [[[3, 4], [0, 0]], [[1, 3], [1, 2]], [[2, 5], [0, 4]], [[4, 4], [1, 6]], [[2, 3], [2, 4]], [[3, 5], [0, 3]], [[1, 4], [1, 1]], [[2, 2], [3, 0]], [[4, 1], [4, 2]], [[3, 3], [2, 1]], [[5, 2], [4, 0]], [[3, 1], [6, 1]], [[4, 3], [5, 3]], [[6, 2], [3, 2]], [[5, 4], [5, 1]], [[6, 6], [6, 3]], [[4, 5], [5, 5]], [[2, 6], [3, 6]], [[0, 5], [1, 5]], [[-1, -1]]]

First_player_won: True. Game: [[[3, 4], [0, 0]], [[1, 3], [1, 2]], [[2, 1], [0, 4]], [[0, 2], [2, 3]], [[1, 0], [3, 1]], [[2, 2], [4, 3]], [[1, 4], [2, 4]], [[0, 6], [3, 2]], [[2, 5], [4, 4]], [[3, 3], [6, 3]], [[4, 1], [4, 2]], [[5, 3], [5, 4]], [[4, 5], [3, 5]], [[6, 4], [1, 6]], [[5, 2], [-1, -1]]]
	Result: 4 to 0
  Match 6:  other_guy  vs   AB_Null   
First_player_won: False. Game: [[[0, 3], [0, 2]], [[2, 4], [1, 0]], [[0, 5], [2, 2]], [[1, 3], [0, 1]], [[2, 5], [2, 0]], [[0, 4], [1, 2]], [[2, 3], [0, 0]], [[1, 5], [2, 1]], [[3, 4], [3, 3]], [[5, 5], [1, 4]], [[4, 3], [2, 6]], [[5, 1], [4, 5]], [[3, 0], [5, 3]], [[4, 2], [3, 2]], [[5, 0], [4, 0]], [[6, 2], [5, 2]], [[5, 4], [4, 4]], [[3, 5], [5, 6]], [[1, 6], [6, 4]], [[-1, -1]]]

First_player_won: False. Game: [[[0, 3], [0, 2]], [[1, 1], [1, 0]], [[2, 3], [2, 2]], [[0, 4], [0, 1]], [[1, 2], [1, 3]], [[2, 0], [0, 5]], [[3, 2], [2, 4]], [[4, 0], [3, 6]], [[2, 1], [4, 4]], [[3, 3], [6, 3]], [[1, 4], [4, 2]], [[2, 6], [3, 4]], [[4, 5], [4, 6]], [[5, 3], [5, 4]], [[4, 1], [3, 5]], [[6, 0], [4, 3]], [[5, 2], [3, 1]], [[6, 4], [5, 0]], [[5, 6], [6, 2]], [[-1, -1]]]

First_player_won: False. Game: [[[5, 3], [4, 5]], [[3, 2], [2, 4]], [[1, 1], [0, 3]], [[2, 3], [1, 5]], [[0, 2], [3, 4]], [[1, 0], [1, 3]], [[2, 2], [2, 1]], [[0, 1], [3, 3]], [[2, 0], [1, 2]], [[4, 1], [3, 1]], [[6, 2], [4, 3]], [[5, 0], [3, 5]], [[4, 2], [5, 6]], [[5, 4], [4, 4]], [[4, 6], [2, 5]], [[6, 5], [0, 4]], [[-1, -1]]]

First_player_won: True. Game: [[[5, 3], [4, 5]], [[3, 2], [2, 4]], [[1, 1], [0, 3]], [[2, 3], [1, 5]], [[3, 1], [3, 4]], [[1, 2], [1, 3]], [[0, 4], [0, 1]], [[1, 6], [2, 0]], [[3, 5], [4, 1]], [[5, 4], [2, 2]], [[4, 2], [1, 0]], [[2, 1], [0, 2]], [[3, 3], [1, 4]], [[2, 5], [0, 6]], [[4, 4], [-1, -1]]]
	Result: 3 to 1
  Match 7:  other_guy  vs   AB_Open   
First_player_won: False. Game: [[[6, 6], [4, 0]], [[4, 5], [2, 1]], [[2, 4], [0, 2]], [[0, 3], [1, 0]], [[1, 1], [2, 2]], [[2, 3], [0, 1]], [[0, 4], [1, 3]], [[1, 2], [0, 5]], [[2, 0], [2, 6]], [[3, 2], [1, 4]], [[4, 4], [3, 3]], [[3, 6], [2, 5]], [[1, 5], [4, 6]], [[3, 4], [5, 4]], [[4, 2], [3, 5]], [[5, 0], [4, 3]], [[6, 2], [3, 1]], [[4, 1], [5, 2]], [[5, 3], [6, 4]], [[6, 1], [5, 6]], [[-1, -1]]]

First_player_won: False. Game: [[[6, 6], [4, 0]], [[5, 4], [3, 2]], [[3, 3], [1, 1]], [[1, 4], [0, 3]], [[0, 2], [2, 2]], [[2, 3], [3, 0]], [[1, 5], [4, 2]], [[3, 4], [2, 1]], [[1, 3], [0, 0]], [[0, 5], [1, 2]], [[2, 4], [0, 4]], [[1, 6], [2, 5]], [[3, 5], [4, 4]], [[5, 6], [5, 2]], [[6, 4], [6, 0]], [[4, 3], [4, 1]], [[5, 1], [6, 2]], [[6, 3], [5, 0]], [[5, 5], [3, 1]], [[3, 6], [1, 0]], [[-1, -1]]]

First_player_won: False. Game: [[[0, 5], [2, 0]], [[1, 3], [0, 1]], [[2, 1], [2, 2]], [[0, 2], [0, 3]], [[1, 0], [1, 1]], [[3, 1], [2, 3]], [[1, 2], [0, 4]], [[2, 4], [2, 5]], [[1, 6], [4, 4]], [[3, 5], [3, 2]], [[1, 4], [5, 1]], [[2, 6], [4, 3]], [[4, 5], [6, 2]], [[3, 3], [5, 4]], [[4, 1], [4, 2]], [[5, 3], [6, 3]], [[6, 1], [5, 5]], [[4, 0], [3, 6]], [[5, 2], [1, 5]], [[6, 0], [3, 4]], [[-1, -1]]]

First_player_won: False. Game: [[[0, 5], [2, 0]], [[1, 3], [1, 2]], [[0, 1], [0, 4]], [[2, 2], [1, 6]], [[1, 0], [3, 5]], [[0, 2], [1, 4]], [[2, 3], [2, 6]], [[1, 1], [4, 5]], [[0, 3], [2, 4]], [[1, 5], [3, 2]], [[3, 4], [5, 1]], [[5, 3], [4, 3]], [[4, 1], [5, 5]], [[3, 3], [6, 3]], [[2, 1], [4, 2]], [[4, 0], [5, 0]], [[5, 2], [6, 2]], [[6, 4], [5, 4]], [[5, 6], [4, 6]], [[4, 4], [2, 5]], [[3, 6], [0, 6]], [[-1, -1]]]
	Result: 2 to 2
  Match 8:  other_guy  vs AB_Improved 
First_player_won: True. Game: [[[6, 4], [3, 4]], [[5, 2], [1, 3]], [[3, 1], [0, 5]], [[1, 0], [2, 4]], [[0, 2], [0, 3]], [[2, 3], [2, 2]], [[1, 1], [1, 4]], [[3, 2], [3, 3]], [[5, 1], [2, 1]], [[6, 3], [4, 2]], [[4, 4], [5, 0]], [[2, 5], [6, 2]], [[4, 6], [4, 1]], [[5, 4], [2, 0]], [[3, 5], [1, 2]], [[4, 3], [0, 0]], [[5, 5], [-1, -1]]]

First_player_won: False. Game: [[[6, 4], [3, 4]], [[5, 2], [1, 3]], [[3, 1], [2, 5]], [[1, 0], [0, 4]], [[0, 2], [1, 2]], [[1, 4], [0, 0]], [[2, 2], [2, 1]], [[0, 1], [3, 3]], [[2, 0], [4, 1]], [[3, 2], [5, 3]], [[1, 1], [6, 5]], [[2, 3], [4, 4]], [[3, 5], [3, 6]], [[4, 3], [2, 4]], [[5, 1], [4, 5]], [[3, 0], [6, 6]], [[4, 2], [5, 4]], [[5, 0], [6, 2]], [[-1, -1]]]

First_player_won: False. Game: [[[3, 6], [0, 4]], [[1, 5], [1, 2]], [[0, 3], [0, 0]], [[1, 1], [2, 1]], [[2, 3], [3, 3]], [[3, 1], [1, 4]], [[4, 3], [2, 2]], [[2, 4], [3, 4]], [[1, 6], [4, 2]], [[3, 5], [3, 0]], [[5, 6], [5, 1]], [[4, 4], [3, 2]], [[2, 5], [1, 3]], [[4, 6], [0, 5]], [[6, 5], [2, 6]], [[5, 3], [4, 5]], [[4, 1], [6, 4]], [[6, 2], [5, 2]], [[5, 0], [4, 0]], [[-1, -1]]]

First_player_won: True. Game: [[[3, 6], [0, 4]], [[1, 5], [1, 2]], [[0, 3], [0, 0]], [[1, 1], [2, 1]], [[2, 3], [0, 2]], [[3, 1], [1, 0]], [[4, 3], [2, 2]], [[2, 4], [0, 1]], [[0, 5], [1, 3]], [[2, 6], [2, 5]], [[3, 4], [3, 3]], [[4, 2], [4, 1]], [[6, 1], [2, 0]], [[5, 3], [3, 2]], [[6, 5], [4, 4]], [[4, 6], [5, 6]], [[5, 4], [3, 5]], [[6, 6], [1, 4]], [[4, 5], [0, 6]], [[6, 4], [-1, -1]]]
	Result: 4 to 0


Results:
----------
other_guy           87.50%

*************************
Evaluating: super_improve_score
*************************

Playing Matches:
----------
  Match 1: super_improve_score vs   random    